gaming, Dungeons and Daddies - S1E01 - A Man and His Handshake.mp3, [[0.0, 0], [1250.8597, 5], [295.6029, 10], [1233.7437, 15], [1004.6025, 20], [1646.6943, 25], [1605.6566, 30], [1472.6177, 35], [1843.685, 40], [934.5409, 45], [752.3043, 50], [1516.1896, 55], [589.4788, 60], [682.58356, 65], [317.17435, 70], [1549.0154, 75], [344.84402, 80], [1476.5531, 85], [388.50092, 90], [1898.7755, 95], [0.0, 100]]
gaming, The Draw of Destiny ｜ Critical Role ｜ Campaign 3, Episode 1.mp3, [[0.0, 0], [2330.7278, 5], [1118.6377, 10], [1761.49, 15], [405.67346, 20], [504.4693, 25], [671.7079, 30], [420.8496, 35], [676.8234, 40], [1048.922, 45], [1752.1702, 50], [1534.7421, 55], [721.3506, 60], [659.0961, 65], [568.3694, 70], [1670.4252, 75], [1549.413, 80], [1087.9967, 85], [1645.052, 90], [773.9865, 95], [0.0, 100]]
gaming, The Beginning Begins (Ep. 1) ｜ Fantasy High.mp3, [[2010.1104, 0], [2259.9443, 5], [650.5313, 10], [527.6497, 15], [1146.26, 20], [1189.5435, 25], [232.05823, 30], [612.9061, 35], [483.19406, 40], [530.75323, 45], [188.29219, 50], [877.3597, 55], [1215.7229, 60], [2250.183, 65], [330.38678, 70], [752.337, 75], [431.35846, 80], [493.6118, 85], [2273.816, 90], [698.4968, 95], [968.57635, 100]]
gaming, Comedy - Ep.1： Here There Be Gerblins - Chapter One.mp3, [[2251.6167, 0], [2157.6882, 5], [635.5112, 10], [1541.0432, 15], [378.70255, 20], [1897.6614, 25], [1702.311, 30], [1232.24, 35], [1556.9269, 40], [265.02603, 45], [1697.2766, 50], [1634.5311, 55], [1573.8837, 60], [747.7935, 65], [327.65265, 70], [1582.8679, 75], [347.20868, 80], [1453.466, 85], [2578.907, 90], [616.5489, 95], [0.0, 100]]
gaming, Not Another D&D Podcast： Episode 1 - Green Teens Gone (The Moonstone Saga).mp3, [[0.0, 0], [655.3129, 5], [1581.8984, 10], [2617.593, 15], [833.528, 20], [829.73694, 25], [502.80414, 30], [3146.0974, 35], [1941.5596, 40], [824.9559, 45], [2105.5127, 50], [298.20532, 55], [195.48302, 60], [612.4859, 65], [298.7796, 70], [695.8934, 75], [307.43628, 80], [1631.5563, 85], [1271.9336, 90], [812.1045, 95], [0.0, 100]]
true_crime, The Gitchie Manitou MURDERS： America's MOST HAUNTED Crime Scene ｜ Full Podcast ｜ MURDER IN AMERICA.mp3, [[2158.096, 0], [316.9629, 5], [790.9019, 10], [304.36676, 15], [470.42047, 20], [478.7396, 25], [259.85248, 30], [385.458, 35], [839.79987, 40], [370.51965, 45], [656.9357, 50], [722.90076, 55], [1468.0231, 60], [371.28174, 65], [1071.2704, 70], [985.888, 75], [1010.06494, 80], [647.81915, 85], [248.58647, 90], [535.37836, 95], [586.34717, 100]]
true_crime, MrBallen Podcast ｜ Episode ＂4 Incredibly Strange Disappearances ＂ (PODCAST EPISODE).mp3, [[1123.0994, 0], [896.0597, 5], [1162.7954, 10], [518.3698, 15], [271.1924, 20], [769.2099, 25], [1232.1794, 30], [442.8587, 35], [664.3639, 40], [435.47314, 45], [642.17664, 50], [1035.8658, 55], [1320.4064, 60], [601.54913, 65], [1364.974, 70], [350.9711, 75], [1137.6694, 80], [636.3961, 85], [580.14935, 90], [274.84552, 95], [1119.4708, 100]]
true_crime, The Itaewon Halloween Tragedy - 159 Dead & How The Police Tried To Cover It Up.mp3, [[2094.4106, 0], [307.1162, 5], [2186.7195, 10], [0.0, 15], [0.0, 20], [1169.0947, 25], [291.37866, 30], [2036.9813, 35], [1918.4515, 40], [1994.0067, 45], [1913.3611, 50], [1354.0298, 55], [1170.8143, 60], [345.44, 65], [668.7729, 70], [599.78265, 75], [813.1805, 80], [318.0624, 85], [965.3255, 90], [2111.582, 95], [1199.66, 100]]
true_crime, Gerard John Schaefer ＂The Hangman＂ ｜ Episode 358 ｜ Morbid： A True Crime Podcast.mp3, [[2016.3033, 0], [749.218, 5], [1662.6238, 10], [396.46262, 15], [1191.882, 20], [735.78674, 25], [406.38663, 30], [1158.8807, 35], [846.359, 40], [950.87427, 45], [258.05063, 50], [2382.2832, 55], [293.13336, 60], [2389.2837, 65], [1682.2297, 70], [291.03973, 75], [796.902, 80], [301.38678, 85], [2248.5193, 90], [694.3678, 95], [484.26544, 100]]
true_crime, Unhinged & Barbaric： The HORRIFYING Story of The Taylor Parker Case in Texas ｜ Reagan Hancock.mp3, [[1411.1819, 0], [421.75638, 5], [1402.8549, 10], [2679.5986, 15], [1358.0033, 20], [338.37543, 25], [783.33997, 30], [368.87958, 35], [370.8053, 40], [386.01392, 45], [372.31503, 50], [2161.8506, 55], [951.24915, 60], [383.6815, 65], [890.43005, 70], [1032.5076, 75], [687.9034, 80], [799.11725, 85], [1601.0823, 90], [1043.2296, 95], [180.7443, 100]]
business, The Ramsey Show (REPLAY).mp3, [[0.0, 0], [985.80597, 5], [368.9178, 10], [941.09576, 15], [964.6912, 20], [589.579, 25], [1041.7789, 30], [0.0, 35], [451.8317, 40], [377.152, 45], [941.4791, 50], [341.4294, 55], [1989.3062, 60], [457.30078, 65], [800.41534, 70], [1823.6183, 75], [653.22723, 80], [1049.1211, 85], [591.7632, 90], [1521.3756, 95], [0.0, 100]]
business, Mark Zuckerberg Takes On Apple Fanboys, Tech Layoffs, Raising Cattle & More.mp3, [[1526.7174, 0], [520.1273, 5], [447.4244, 10], [2043.5112, 15], [229.6298, 20], [1638.312, 25], [387.6205, 30], [660.6908, 35], [974.4848, 40], [1096.2283, 45], [433.1017, 50], [271.6934, 55], [1382.875, 60], [347.75943, 65], [1342.204, 70], [933.4768, 75], [389.16495, 80], [428.44507, 85], [1586.3839, 90], [1939.167, 95], [573.13403, 100]]
business, Andrew Tate EXCLUSIVE INTERVIEW： Jail Life ｜ BBC Reaction ｜ Matrix ｜ Religion ｜ Future Plans.mp3, [[1979.0055, 0], [653.07654, 5], [804.9415, 10], [923.38885, 15], [960.2933, 20], [450.69864, 25], [812.0234, 30], [921.4535, 35], [505.4334, 40], [304.63525, 45], [573.05786, 50], [904.3763, 55], [599.7168, 60], [442.136, 65], [1183.8746, 70], [1782.1652, 75], [453.41357, 80], [1914.178, 85], [1677.7849, 90], [527.0337, 95], [0.0, 100]]
business, No.1 Neuroscientist： Stress Leaks Through Skin, Is Contagious & Gives You Belly Fat!- Dr. Tara Swart.mp3, [[0.0, 0], [965.6419, 5], [1146.0715, 10], [0.0, 15], [529.3188, 20], [927.2799, 25], [298.59564, 30], [1886.404, 35], [298.79776, 40], [261.2858, 45], [2084.0857, 50], [1049.1769, 55], [285.36285, 60], [644.91785, 65], [554.89984, 70], [1727.9595, 75], [206.74834, 80], [3962.0845, 85], [231.6988, 90], [466.64966, 95], [0.0, 100]]
business, Jocko Podcast 115 with Dakota Meyer - Into The Fire, and Beyond the Call of Duty.mp3, [[2171.7827, 0], [217.20763, 5], [349.3951, 10], [977.2169, 15], [358.76886, 20], [341.14984, 25], [187.02419, 30], [302.4563, 35], [329.69708, 40], [1131.421, 45], [3247.728, 50], [294.54974, 55], [181.51714, 60], [306.47043, 65], [152.16731, 70], [979.89386, 75], [378.10336, 80], [871.6435, 85], [535.4507, 90], [1956.312, 95], [0.0, 100]]
science, Animal Minds ｜ Radiolab Podcast.mp3, [[0.0, 0], [592.49854, 5], [649.64484, 10], [895.3851, 15], [652.32214, 20], [273.33884, 25], [157.13278, 30], [990.3121, 35], [304.6363, 40], [268.79492, 45], [2492.6833, 50], [317.6916, 55], [1058.7786, 60], [1005.4433, 65], [568.06146, 70], [348.34305, 75], [1650.3271, 80], [491.75708, 85], [1144.7367, 90], [394.2443, 95], [0.0, 100]]
science, Jordan Peterson is Back!  -  Bret Weinstein's DarkHorse Podcast.mp3, [[1832.1156, 0], [1408.6418, 5], [1931.1439, 10], [603.99536, 15], [967.7037, 20], [321.6634, 25], [284.77383, 30], [684.7015, 35], [296.27948, 40], [800.18256, 45], [2150.4446, 50], [703.1222, 55], [2221.916, 60], [311.71075, 65], [608.49506, 70], [320.32544, 75], [1396.2106, 80], [446.34314, 85], [427.1333, 90], [573.489, 95], [535.87573, 100]]
science, EP： 167 Angels in the Andes with Tim Alberino.mp3, [[0.0, 0], [2810.7668, 5], [366.4989, 10], [1673.7725, 15], [751.7717, 20], [380.46484, 25], [1104.9459, 30], [2099.4956, 35], [0.0, 40], [1773.0436, 45], [1049.3738, 50], [1017.8146, 55], [2034.8434, 60], [305.92395, 65], [641.5867, 70], [699.1504, 75], [311.5351, 80], [604.56915, 85], [2762.1848, 90], [1100.4658, 95], [0.0, 100]]
science, Why Every World Map You've Ever Read is Wrong.mp3, [[2267.9365, 0], [330.00107, 5], [398.82568, 10], [844.7298, 15], [2382.9858, 20], [1225.3317, 25], [305.88074, 30], [488.81158, 35], [332.8939, 40], [272.23154, 45], [1122.9657, 50], [801.32404, 55], [1600.7949, 60], [356.72794, 65], [1741.7899, 70], [715.51355, 75], [337.469, 80], [657.8732, 85], [1042.4409, 90], [440.91977, 95], [1488.3982, 100]]
science, StarTalk Live Podcast： Big Brains at BAM with Neil deGrasse Tyson.mp3, [[535.7148, 0], [1380.8279, 5], [1711.3234, 10], [1675.9349, 15], [1785.3203, 20], [2050.4421, 25], [1783.7966, 30], [711.19244, 35], [553.6304, 40], [1270.9386, 45], [1933.7014, 50], [900.4475, 55], [1090.0981, 60], [2042.9229, 65], [522.434, 70], [1586.1117, 75], [1871.9485, 80], [1555.1947, 85], [728.51715, 90], [910.0073, 95], [0.0, 100]]
self_help, Dana White ｜ Overcoming The Leading Killer, Metabolic Syndrome ｜ The Ultimate Human with Gary Brecka.mp3, [[215.94817, 0], [2578.8596, 5], [837.02527, 10], [1649.2307, 15], [1519.537, 20], [665.0946, 25], [404.1974, 30], [673.85474, 35], [348.2281, 40], [951.7537, 45], [821.751, 50], [469.8014, 55], [2025.5392, 60], [257.88876, 65], [310.14294, 70], [838.29504, 75], [266.95703, 80], [154.03816, 85], [301.13922, 90], [2392.3174, 95], [0.0, 100]]
self_help, How The Law Of Attraction REALLY WORKS! (Achieve Anything You Want) ｜ Rob Dial.mp3, [[397.74966, 0], [2522.1365, 5], [1460.6782, 10], [372.93002, 15], [573.8175, 20], [2771.02, 25], [326.5172, 30], [813.2214, 35], [362.28207, 40], [893.962, 45], [423.9329, 50], [766.2485, 55], [584.9697, 60], [1051.868, 65], [377.4751, 70], [1115.3433, 75], [338.5368, 80], [386.39432, 85], [436.41504, 90], [420.82755, 95], [655.0501, 100]]
self_help, LOVE EXPERT ON： When A Man TRULY LOVES You, He Will DO THIS! ｜ Stephan Speaks & Jay Shetty.mp3, [[205.4192, 0], [335.72665, 5], [544.1047, 10], [959.29346, 15], [366.74472, 20], [1822.1227, 25], [1903.2063, 30], [1854.3341, 35], [1045.8868, 40], [1185.233, 45], [964.01355, 50], [446.96692, 55], [389.69403, 60], [303.48517, 65], [566.4087, 70], [966.94336, 75], [1201.3804, 80], [1911.1501, 85], [633.72943, 90], [565.39954, 95], [416.85437, 100]]
self_help, Brené Brown Says You're Doing Feelings Wrong ｜ Ten Percent Happier Podcast with Dan Harris.mp3, [[2045.2092, 0], [543.11365, 5], [3898.9854, 10], [2994.346, 15], [549.7873, 20], [979.567, 25], [198.09554, 30], [994.5983, 35], [849.7962, 40], [1499.9346, 45], [0.0, 50], [667.6072, 55], [521.58496, 60], [431.51794, 65], [1376.5864, 70], [1101.2224, 75], [857.72705, 80], [320.85043, 85], [796.851, 90], [367.83994, 95], [0.0, 100]]
self_help, Dr. Paul Conti： How to Understand & Assess Your Mental Health ｜ Huberman Lab Guest Series.mp3, [[942.334, 0], [291.3386, 5], [737.12067, 10], [319.995, 15], [1839.398, 20], [690.1578, 25], [310.71396, 30], [406.9528, 35], [365.20596, 40], [1757.8206, 45], [711.13586, 50], [239.68442, 55], [407.15768, 60], [362.71848, 65], [190.29724, 70], [1102.0133, 75], [2294.0566, 80], [439.09943, 85], [574.7595, 90], [372.58896, 95], [509.878, 100]]
comedy, Joe Rogan ｜ This Past Weekend w⧸ Theo Von #403.mp3, [[2044.0149, 0], [1052.3833, 5], [1506.0156, 10], [689.4495, 15], [1618.6383, 20], [672.85486, 25], [2098.7915, 30], [602.6125, 35], [1679.586, 40], [315.8506, 45], [636.25806, 50], [974.36633, 55], [278.07156, 60], [334.91333, 65], [531.38684, 70], [722.45825, 75], [1611.0593, 80], [303.78888, 85], [0.0, 90], [316.97537, 95], [0.0, 100]]
comedy, Joe Rogan Experience #1315 - Bob Lazar & Jeremy Corbell.mp3, [[2250.0679, 0], [1417.6305, 5], [2334.5613, 10], [292.3217, 15], [346.92044, 20], [1532.7607, 25], [264.49524, 30], [322.67365, 35], [1640.6057, 40], [715.9708, 45], [418.22308, 50], [973.6225, 55], [3091.4043, 60], [275.89392, 65], [526.8654, 70], [1082.3041, 75], [1047.9827, 80], [456.26074, 85], [1931.7704, 90], [1062.4005, 95], [0.0, 100]]
comedy, Bill Hader ｜ SmartLess.mp3, [[0.0, 0], [897.8755, 5], [1004.73267, 10], [928.77545, 15], [741.4114, 20], [884.7564, 25], [968.13434, 30], [1140.2498, 35], [1398.0012, 40], [539.0836, 45], [245.81738, 50], [806.43256, 55], [292.09872, 60], [357.07532, 65], [1017.88525, 70], [1503.5281, 75], [918.7003, 80], [1278.4999, 85], [1391.5175, 90], [1495.3085, 95], [0.0, 100]]
comedy, Julia Gets Wise with Jane Fonda ｜ Wiser Than Me with Julia Louis-Dreyfus.mp3, [[1866.608, 0], [360.71323, 5], [556.51074, 10], [1814.2312, 15], [664.91077, 20], [2206.2402, 25], [1073.1747, 30], [1310.4697, 35], [395.07843, 40], [1092.4751, 45], [779.16, 50], [654.0949, 55], [726.8862, 60], [360.129, 65], [1472.345, 70], [1120.0007, 75], [330.22754, 80], [428.7885, 85], [1513.7563, 90], [1310.6006, 95], [0.0, 100]]
comedy, THE LIFE OF A PORN STAR (ft. Lana Rhoades).mp3, [[195.50476, 0], [2339.6128, 5], [796.5215, 10], [3118.3752, 15], [467.72742, 20], [1058.8568, 25], [1250.4296, 30], [2413.7776, 35], [1566.0054, 40], [1542.4553, 45], [407.8665, 50], [1562.1984, 55], [2651.9182, 60], [2669.8428, 65], [1435.1251, 70], [365.72195, 75], [837.0295, 80], [3107.3384, 85], [1433.6174, 90], [181.69592, 95], [0.0, 100]]
sports, Reaction To Shohei Ohtani Gambling Scandal ｜｜ Baseball Is Dead Episode 188.mp3, [[1992.3538, 0], [2809.4258, 5], [964.7699, 10], [3078.9312, 15], [215.35228, 20], [1490.8666, 25], [786.739, 30], [2206.569, 35], [2017.8213, 40], [402.16498, 45], [756.48724, 50], [3039.908, 55], [2015.2112, 60], [556.8571, 65], [348.56158, 70], [255.91953, 75], [2032.9865, 80], [920.2277, 85], [1384.9437, 90], [185.86075, 95], [0.0, 100]]
sports, What Makes a Great Basketball Player？ ｜  LeBron James & JJ Redick ｜ Full Episode.mp3, [[0.0, 0], [594.51044, 5], [3236.8435, 10], [703.1599, 15], [261.24374, 20], [628.8626, 25], [671.77716, 30], [1259.5146, 35], [405.2876, 40], [195.76318, 45], [979.61804, 50], [1013.2114, 55], [1070.0303, 60], [568.4, 65], [883.08636, 70], [1382.5594, 75], [261.1745, 80], [362.48447, 85], [2850.2156, 90], [1347.7728, 95], [0.0, 100]]
sports, Former QB Jay Cutler on the Bears, Smokin' Jay, &  Being Friends with Big Cat - Full Interview.mp3, [[2085.2642, 0], [807.705, 5], [707.02026, 10], [1178.0597, 15], [1103.246, 20], [875.8765, 25], [3784.5288, 30], [403.62338, 35], [1195.602, 40], [1988.7107, 45], [1483.8088, 50], [282.9357, 55], [1548.5359, 60], [720.3522, 65], [387.26212, 70], [496.6766, 75], [575.716, 80], [1017.9826, 85], [379.47385, 90], [1035.6412, 95], [0.0, 100]]
sports, Katt Williams Unleashed ｜ CLUB SHAY SHAY.mp3, [[604.66046, 0], [2058.4968, 5], [316.35376, 10], [797.8264, 15], [883.12976, 20], [1590.834, 25], [1941.8549, 30], [1921.4563, 35], [1498.7761, 40], [1990.1881, 45], [1116.7401, 50], [507.7409, 55], [1479.4454, 60], [624.3475, 65], [1937.0999, 70], [423.7956, 75], [428.38138, 80], [887.45764, 85], [504.75113, 90], [1963.318, 95], [0.0, 100]]
sports, Kylie Kelce on life as an NFL spouse, Jason’s Tinder Bio, and Setting Up Travis ｜ Ep 52.mp3, [[1998.3983, 0], [1807.2903, 5], [1933.5216, 10], [1530.3768, 15], [1934.1871, 20], [822.70526, 25], [1655.4628, 30], [1750.1147, 35], [400.94434, 40], [1064.0155, 45], [1668.8658, 50], [1480.5245, 55], [867.9645, 60], [565.8637, 65], [912.85675, 70], [285.088, 75], [1325.1125, 80], [1634.4117, 85], [231.55295, 90], [1502.1902, 95], [1807.8721, 100]]
