gaming, Dungeons and Daddies - S1E01 - A Man and His Handshake.mp3, [[0.0, 0], [0.33761567, 5], [0.2760421, 10], [0.17246743, 15], [0.3790575, 20], [0.17607123, 25], [0.23011354, 30], [0.004368835, 35], [0.21983421, 40], [0.18431106, 45], [0.22266015, 50], [0.22344236, 55], [0.30752537, 60], [0.24303299, 65], [0.15643038, 70], [0.11196303, 75], [0.2313181, 80], [0.25166872, 85], [0.33053485, 90], [0.2945618, 95], [0.0, 100]]
gaming, The Draw of Destiny ｜ Critical Role ｜ Campaign 3, Episode 1.mp3, [[0.0, 0], [0.3290196, 5], [0.07234455, 10], [0.1043849, 15], [0.14416598, 20], [0.089578465, 25], [0.07682896, 30], [0.1915882, 35], [0.08124557, 40], [0.28002614, 45], [0.13874993, 50], [0.14364089, 55], [0.18825738, 60], [0.17344853, 65], [0.19463457, 70], [0.07591785, 75], [0.2452535, 80], [0.10909476, 85], [0.1443918, 90], [0.2291171, 95], [0.0, 100]]
gaming, The Beginning Begins (Ep. 1) ｜ Fantasy High.mp3, [[0.15669113, 0], [0.21947822, 5], [0.24731092, 10], [0.24898712, 15], [0.17017175, 20], [0.2114187, 25], [0.058955647, 30], [0.2760867, 35], [0.22629826, 40], [0.21446712, 45], [0.03746576, 50], [0.17384112, 55], [0.14332108, 60], [0.25437537, 65], [0.03515159, 70], [0.27691513, 75], [0.03207754, 80], [0.041297123, 85], [0.22067079, 90], [0.30806595, 95], [0.13463375, 100]]
gaming, Comedy - Ep.1： Here There Be Gerblins - Chapter One.mp3, [[6.3152594e-11, 0], [0.41407284, 5], [0.3905712, 10], [0.39715707, 15], [0.3189701, 20], [0.41649306, 25], [0.26964948, 30], [0.25695154, 35], [0.36815077, 40], [0.19819534, 45], [0.09147115, 50], [0.3646345, 55], [0.1672695, 60], [0.4006865, 65], [0.16413434, 70], [0.082500234, 75], [0.26160696, 80], [0.4018014, 85], [0.19378634, 90], [0.3978175, 95], [0.0, 100]]
gaming, Not Another D&D Podcast： Episode 1 - Green Teens Gone (The Moonstone Saga).mp3, [[0.0, 0], [0.30488753, 5], [0.4051028, 10], [0.14948183, 15], [0.35376474, 20], [0.3952616, 25], [0.29926306, 30], [0.2422214, 35], [0.30751222, 40], [0.39915702, 45], [0.06399577, 50], [0.24117406, 55], [0.10458328, 60], [0.4210032, 65], [0.2157292, 70], [0.4081012, 75], [0.12631279, 80], [0.3318075, 85], [0.3227646, 90], [0.29027024, 95], [0.00021165848, 100]]
true_crime, The Gitchie Manitou MURDERS： America's MOST HAUNTED Crime Scene ｜ Full Podcast ｜ MURDER IN AMERICA.mp3, [[3.6842283e-07, 0], [0.3081685, 5], [0.343119, 10], [0.47814775, 15], [0.3629946, 20], [0.37617743, 25], [0.36356324, 30], [0.31777003, 35], [0.3482296, 40], [0.24785542, 45], [0.3704637, 50], [0.2999164, 55], [0.36288878, 60], [0.21347237, 65], [0.41278777, 70], [0.1762742, 75], [0.20992799, 80], [0.3724711, 85], [0.25154555, 90], [0.14330995, 95], [0.018760873, 100]]
true_crime, MrBallen Podcast ｜ Episode ＂4 Incredibly Strange Disappearances ＂ (PODCAST EPISODE).mp3, [[0.20278655, 0], [0.20684922, 5], [0.262006, 10], [0.108444124, 15], [0.21258102, 20], [0.25840378, 25], [0.069904335, 30], [0.21246713, 35], [0.11628971, 40], [0.2178444, 45], [0.17819409, 50], [0.3899016, 55], [0.38704985, 60], [0.45347533, 65], [0.34630668, 70], [0.23815241, 75], [0.03873081, 80], [0.2528689, 85], [0.35715154, 90], [0.37081838, 95], [0.14933796, 100]]
true_crime, The Itaewon Halloween Tragedy - 159 Dead & How The Police Tried To Cover It Up.mp3, [[0.26994523, 0], [0.277874, 5], [0.08814635, 10], [0.22554903, 15], [0.1631181, 20], [0.14901789, 25], [0.2666156, 30], [0.017793473, 35], [0.30098942, 40], [0.09901369, 45], [0.19101782, 50], [0.16768588, 55], [0.1797826, 60], [0.25845245, 65], [0.25910187, 70], [0.2538395, 75], [0.19041908, 80], [0.08845611, 85], [0.2988343, 90], [0.10655904, 95], [0.018469306, 100]]
true_crime, Gerard John Schaefer ＂The Hangman＂ ｜ Episode 358 ｜ Morbid： A True Crime Podcast.mp3, [[0.0076531735, 0], [0.35525, 5], [0.24948281, 10], [0.29235652, 15], [0.2115895, 20], [0.32065764, 25], [0.16985273, 30], [0.27059197, 35], [0.37065843, 40], [0.21067052, 45], [0.24366435, 50], [0.19585733, 55], [0.29314458, 60], [0.22768213, 65], [0.36377665, 70], [0.337151, 75], [0.2697192, 80], [0.36121696, 85], [0.092567496, 90], [0.35384056, 95], [0.011727788, 100]]
true_crime, Unhinged & Barbaric： The HORRIFYING Story of The Taylor Parker Case in Texas ｜ Reagan Hancock.mp3, [[0.070516706, 0], [0.18915917, 5], [0.32603157, 10], [0.20197459, 15], [0.25167394, 20], [0.118571006, 25], [0.29670128, 30], [0.27323747, 35], [0.39750478, 40], [0.22636032, 45], [0.23825894, 50], [0.12144549, 55], [0.18618149, 60], [0.25186577, 65], [0.32756558, 70], [0.16341777, 75], [0.13495159, 80], [0.16627654, 85], [0.22609527, 90], [0.24730343, 95], [0.025517602, 100]]
business, The Ramsey Show (REPLAY).mp3, [[0.0, 0], [0.14525062, 5], [0.20450568, 10], [0.15878518, 15], [0.27112135, 20], [0.1454737, 25], [0.15015349, 30], [0.011924203, 35], [0.2198694, 40], [0.25264508, 45], [0.098162726, 50], [0.19018827, 55], [0.09380548, 60], [0.29308438, 65], [0.12913787, 70], [0.18153478, 75], [0.22396627, 80], [0.23194918, 85], [0.11488568, 90], [0.24628483, 95], [0.0, 100]]
business, Mark Zuckerberg Takes On Apple Fanboys, Tech Layoffs, Raising Cattle & More.mp3, [[0.13874708, 0], [0.38086972, 5], [0.380272, 10], [0.092078514, 15], [0.11808125, 20], [0.053049024, 25], [0.3405445, 30], [0.34843707, 35], [0.34451488, 40], [0.2978998, 45], [0.051604874, 50], [0.32621446, 55], [0.3579126, 60], [0.30673903, 65], [0.27435428, 70], [0.4172567, 75], [0.41582674, 80], [0.34130418, 85], [0.047300994, 90], [0.11070247, 95], [0.025307197, 100]]
business, Andrew Tate EXCLUSIVE INTERVIEW： Jail Life ｜ BBC Reaction ｜ Matrix ｜ Religion ｜ Future Plans.mp3, [[0.0045575057, 0], [0.37190977, 5], [0.4192726, 10], [0.07360739, 15], [0.26816, 20], [0.11590552, 25], [0.29285684, 30], [0.3659458, 35], [0.29517877, 40], [0.12866181, 45], [0.23565558, 50], [0.111237615, 55], [0.12835442, 60], [0.33916488, 65], [0.18951869, 70], [0.15554316, 75], [0.19680214, 80], [0.09747535, 85], [0.4637246, 90], [0.35606828, 95], [0.0, 100]]
business, No.1 Neuroscientist： Stress Leaks Through Skin, Is Contagious & Gives You Belly Fat!- Dr. Tara Swart.mp3, [[0.0, 0], [0.31743407, 5], [0.20763941, 10], [0.074610606, 15], [0.24664445, 20], [0.3342219, 25], [0.29490522, 30], [0.060285185, 35], [0.32262304, 40], [0.04927304, 45], [0.1656561, 50], [0.23459357, 55], [0.28063187, 60], [0.24583443, 65], [0.19992042, 70], [0.26138467, 75], [0.05910856, 80], [0.13361546, 85], [0.031831574, 90], [0.34073925, 95], [0.0, 100]]
business, Jocko Podcast 115 with Dakota Meyer - Into The Fire, and Beyond the Call of Duty.mp3, [[0.00016866064, 0], [0.066179134, 5], [0.26164427, 10], [0.33465153, 15], [0.39417815, 20], [0.5581914, 25], [0.120146066, 30], [0.36823094, 35], [0.34446955, 40], [0.23109666, 45], [0.22339672, 50], [0.26209712, 55], [0.0677786, 60], [0.07705247, 65], [0.06520325, 70], [0.30582622, 75], [0.49201456, 80], [0.24928793, 85], [0.31080997, 90], [0.12852849, 95], [0.0, 100]]
science, Animal Minds ｜ Radiolab Podcast.mp3, [[0.0, 0], [0.29946482, 5], [0.4236984, 10], [0.34486088, 15], [0.49496403, 20], [0.24915907, 25], [0.059567783, 30], [0.061170567, 35], [0.2795137, 40], [0.4650462, 45], [0.23678416, 50], [0.35362226, 55], [0.06799105, 60], [0.25275284, 65], [0.20201446, 70], [0.34785846, 75], [0.069801226, 80], [0.028824735, 85], [0.38172078, 90], [0.19857827, 95], [0.0, 100]]
science, Jordan Peterson is Back!  -  Bret Weinstein's DarkHorse Podcast.mp3, [[0.08786788, 0], [0.2785424, 5], [0.008566884, 10], [0.14684176, 15], [0.19774978, 20], [0.16312878, 25], [0.19895971, 30], [0.16940579, 35], [0.10609939, 40], [0.25222683, 45], [0.0934204, 50], [0.36111024, 55], [0.08547926, 60], [0.15756235, 65], [0.19478202, 70], [0.26997513, 75], [0.0143330395, 80], [0.23630793, 85], [0.16797285, 90], [0.14669187, 95], [0.012302817, 100]]
science, EP： 167 Angels in the Andes with Tim Alberino.mp3, [[0.0, 0], [0.22922063, 5], [0.40221316, 10], [0.0090957275, 15], [0.29649043, 20], [0.0706071, 25], [0.44584283, 30], [0.09067322, 35], [0.00881023, 40], [0.46686068, 45], [0.3387797, 50], [0.46621987, 55], [0.5114749, 60], [0.4441449, 65], [0.3498124, 70], [0.18443903, 75], [0.23830178, 80], [0.5881788, 85], [0.32720697, 90], [0.42623037, 95], [0.0, 100]]
science, Why Every World Map You've Ever Read is Wrong.mp3, [[0.016055817, 0], [0.08926147, 5], [0.19332114, 10], [0.21187648, 15], [0.17149706, 20], [0.15762374, 25], [0.1795352, 30], [0.21438602, 35], [0.24845073, 40], [0.10995825, 45], [0.2729939, 50], [0.33812046, 55], [0.2019776, 60], [0.11923463, 65], [0.13117148, 70], [0.31937203, 75], [0.26587576, 80], [0.2683313, 85], [0.05328489, 90], [0.18082649, 95], [0.041854057, 100]]
science, StarTalk Live Podcast： Big Brains at BAM with Neil deGrasse Tyson.mp3, [[0.03101382, 0], [0.20284894, 5], [0.13235639, 10], [0.15293977, 15], [0.09524222, 20], [0.035714123, 25], [0.048311602, 30], [0.2334451, 35], [0.16381162, 40], [0.13723269, 45], [0.18283114, 50], [0.30084527, 55], [0.2745983, 60], [0.18423706, 65], [0.13069962, 70], [0.0998923, 75], [0.10997792, 80], [0.25480503, 85], [0.04403486, 90], [0.065268055, 95], [0.0, 100]]
self_help, Dana White ｜ Overcoming The Leading Killer, Metabolic Syndrome ｜ The Ultimate Human with Gary Brecka.mp3, [[0.06654409, 0], [0.19139728, 5], [0.2332935, 10], [0.03726823, 15], [0.3785512, 20], [0.22779647, 25], [0.32163194, 30], [0.2379193, 35], [0.18684073, 40], [0.38854963, 45], [0.27082327, 50], [0.2815698, 55], [0.2226375, 60], [0.25307545, 65], [0.17387554, 70], [0.28356278, 75], [0.19702367, 80], [0.08779192, 85], [0.06674184, 90], [0.03669776, 95], [0.0, 100]]
self_help, How The Law Of Attraction REALLY WORKS! (Achieve Anything You Want) ｜ Rob Dial.mp3, [[0.0153649375, 0], [0.18493076, 5], [0.084286205, 10], [0.085368104, 15], [0.22217262, 20], [0.17046098, 25], [0.2520118, 30], [0.2571125, 35], [0.10774323, 40], [0.11732597, 45], [0.106598, 50], [0.22946434, 55], [0.25940922, 60], [0.31111926, 65], [0.29042464, 70], [0.30352587, 75], [0.10389603, 80], [0.35890803, 85], [0.15180144, 90], [0.30057272, 95], [0.041774437, 100]]
self_help, LOVE EXPERT ON： When A Man TRULY LOVES You, He Will DO THIS! ｜ Stephan Speaks & Jay Shetty.mp3, [[0.26418278, 0], [0.13526519, 5], [0.30957618, 10], [0.27311555, 15], [0.25700238, 20], [0.083779685, 25], [0.023541441, 30], [0.12692547, 35], [0.1093092, 40], [0.22519843, 45], [0.29877537, 50], [0.30844066, 55], [0.08821654, 60], [0.27351677, 65], [0.045193817, 70], [0.3512017, 75], [0.1468993, 80], [0.115735255, 85], [0.26210344, 90], [0.23778054, 95], [0.14900587, 100]]
self_help, Brené Brown Says You're Doing Feelings Wrong ｜ Ten Percent Happier Podcast with Dan Harris.mp3, [[0.0017344684, 0], [0.25955236, 5], [0.21465583, 10], [0.20075558, 15], [0.015199577, 20], [0.32014316, 25], [0.21913758, 30], [0.33918595, 35], [0.22546104, 40], [0.4403594, 45], [0.22914706, 50], [0.018468963, 55], [0.28325248, 60], [0.3811989, 65], [0.2374554, 70], [0.1721246, 75], [0.18411359, 80], [0.29507843, 85], [0.018477147, 90], [0.35552195, 95], [0.0, 100]]
self_help, Dr. Paul Conti： How to Understand & Assess Your Mental Health ｜ Huberman Lab Guest Series.mp3, [[0.014860866, 0], [0.2838667, 5], [0.36821574, 10], [0.22229101, 15], [0.02860849, 20], [0.2745089, 25], [0.32159296, 30], [0.2809522, 35], [0.3677145, 40], [0.25310835, 45], [0.3396622, 50], [0.2561411, 55], [0.29949942, 60], [0.2699581, 65], [0.1955109, 70], [0.2519853, 75], [0.14725623, 80], [0.33773553, 85], [0.42755106, 90], [0.26574275, 95], [0.0051344144, 100]]
comedy, Joe Rogan ｜ This Past Weekend w⧸ Theo Von #403.mp3, [[0.023635352, 0], [0.35439312, 5], [0.15422136, 10], [0.32413262, 15], [0.37838504, 20], [0.26316294, 25], [0.10010754, 30], [0.35257277, 35], [0.30298674, 40], [0.22268443, 45], [0.2518497, 50], [0.254351, 55], [0.051662855, 60], [0.30035403, 65], [0.25309443, 70], [0.24834277, 75], [0.36579794, 80], [0.2822553, 85], [0.12995027, 90], [0.27810526, 95], [0.0, 100]]
comedy, Joe Rogan Experience #1315 - Bob Lazar & Jeremy Corbell.mp3, [[0.0010485032, 0], [0.2916508, 5], [0.4082505, 10], [0.24449861, 15], [0.45745325, 20], [0.5359293, 25], [0.05628904, 30], [0.32871154, 35], [0.42466885, 40], [0.457911, 45], [0.37723628, 50], [0.04286675, 55], [0.32592505, 60], [0.48979518, 65], [0.5080483, 70], [0.33040884, 75], [0.29860312, 80], [0.17416282, 85], [0.53005165, 90], [0.5033538, 95], [0.0097134495, 100]]
comedy, Bill Hader ｜ SmartLess.mp3, [[0.0, 0], [0.30774108, 5], [0.32135057, 10], [0.3265502, 15], [0.26998985, 20], [0.24407567, 25], [0.3046324, 30], [0.27556384, 35], [0.25365797, 40], [0.1795853, 45], [0.1945708, 50], [0.19172746, 55], [0.012990004, 60], [0.18237832, 65], [0.15539886, 70], [0.09160839, 75], [0.2715279, 80], [0.26507086, 85], [0.18432832, 90], [0.22261801, 95], [0.0, 100]]
comedy, Julia Gets Wise with Jane Fonda ｜ Wiser Than Me with Julia Louis-Dreyfus.mp3, [[3.7401808e-08, 0], [0.45829666, 5], [0.024365764, 10], [0.11060902, 15], [0.2669208, 20], [0.23452017, 25], [0.36071765, 30], [0.22529393, 35], [0.28126323, 40], [0.34323683, 45], [0.41390777, 50], [0.40425932, 55], [0.2573857, 60], [0.32024124, 65], [0.057595715, 70], [0.30498344, 75], [0.38469008, 80], [0.35212916, 85], [0.3273216, 90], [0.37449765, 95], [0.0, 100]]
comedy, THE LIFE OF A PORN STAR (ft. Lana Rhoades).mp3, [[0.027901914, 0], [0.17337926, 5], [0.17588848, 10], [0.21668041, 15], [0.2899135, 20], [0.34077, 25], [0.21875037, 30], [0.18992941, 35], [0.403864, 40], [0.075837135, 45], [0.1767685, 50], [0.105142914, 55], [0.27552965, 60], [0.38019693, 65], [0.08531372, 70], [0.16452834, 75], [0.19323811, 80], [0.22827636, 85], [0.3186304, 90], [0.056431685, 95], [0.0, 100]]
sports, Reaction To Shohei Ohtani Gambling Scandal ｜｜ Baseball Is Dead Episode 188.mp3, [[0.39427823, 0], [0.11795449, 5], [0.31555396, 10], [0.3844368, 15], [0.20407388, 20], [0.19009323, 25], [0.3471432, 30], [0.3130649, 35], [0.45560443, 40], [0.20849943, 45], [0.41920462, 50], [0.1883323, 55], [0.325305, 60], [0.41952083, 65], [0.2697044, 70], [0.0037087416, 75], [0.37650353, 80], [0.43072423, 85], [0.45151198, 90], [0.060151353, 95], [0.0005834158, 100]]
sports, What Makes a Great Basketball Player？ ｜  LeBron James & JJ Redick ｜ Full Episode.mp3, [[0.3278093, 0], [0.02932231, 5], [0.13869776, 10], [0.30513757, 15], [0.016712401, 20], [0.42506906, 25], [0.36861143, 30], [0.2612141, 35], [0.4554602, 40], [0.3095601, 45], [0.017201819, 50], [0.0240814, 55], [0.39020374, 60], [0.37624395, 65], [0.3762479, 70], [0.25220272, 75], [0.018339332, 80], [0.41745988, 85], [0.28569114, 90], [0.024420876, 95], [0.0, 100]]
sports, Former QB Jay Cutler on the Bears, Smokin' Jay, &  Being Friends with Big Cat - Full Interview.mp3, [[0.021696946, 0], [0.24527706, 5], [0.44625393, 10], [0.36788034, 15], [0.24973857, 20], [0.17301293, 25], [0.21173212, 30], [0.2293187, 35], [0.35452795, 40], [0.059040446, 45], [0.15042077, 50], [0.16140248, 55], [0.32856193, 60], [0.19553936, 65], [0.26959515, 70], [0.058891997, 75], [0.33610415, 80], [0.29751548, 85], [0.25663364, 90], [0.32331523, 95], [0.0, 100]]
sports, Katt Williams Unleashed ｜ CLUB SHAY SHAY.mp3, [[0.14403772, 0], [0.034376267, 5], [0.23449716, 10], [0.3542636, 15], [0.08950436, 20], [0.07693398, 25], [0.36927298, 30], [0.034915272, 35], [0.041478656, 40], [0.5300206, 45], [0.27353084, 50], [0.17421511, 55], [0.0524937, 60], [0.033896044, 65], [0.31534502, 70], [0.24946745, 75], [0.22198299, 80], [0.4532752, 85], [0.2797437, 90], [0.036456615, 95], [0.0, 100]]
sports, Kylie Kelce on life as an NFL spouse, Jason’s Tinder Bio, and Setting Up Travis ｜ Ep 52.mp3, [[0.015996248, 0], [0.3637773, 5], [0.122538574, 10], [0.36901763, 15], [0.013714335, 20], [0.3788077, 25], [0.3740674, 30], [0.20877108, 35], [0.39120778, 40], [0.3238199, 45], [0.31911647, 50], [0.37270024, 55], [0.30850896, 60], [0.02948865, 65], [0.2548558, 70], [0.4616334, 75], [0.33981544, 80], [0.36007202, 85], [0.07396724, 90], [0.38580152, 95], [0.08836859, 100]]
